1 0.4753937007874016 0.17913385826771652 0.10433070866141726 0.12204724409448818
1 0.7578740157480314 0.2982283464566929 0.23228346456692905 0.17519685039370075
1 0.31200787401574803 0.38779527559055116 0.2539370078740158 0.1141732283464566
1 0.4970472440944882 0.9360236220472441 0.9940944881889764 0.12795275590551186
0 0.21161417322834647 0.8582677165354332 0.39173228346456695 0.06692913385826771
0 0.48523622047244097 0.8612204724409449 0.09645669291338592 0.06889763779527555
0 0.6338582677165354 0.8612204724409449 0.08267716535433074 0.06496062992125985
0 0.8307086614173228 0.8533464566929133 0.05118110236220474 0.041338582677165336
0 0.109251968503937 0.4852362204724409 0.218503937007874 0.06496062992125985
0 0.44980314960629925 0.4812992125984252 0.24212598425196852 0.061023622047244146
0 0.7775590551181102 0.4360236220472441 0.26771653543307095 0.06889763779527555
